#          k/h    CDM            baryon         photon         nu             mass_nu        total          no_nu          total_de       Weyl           v_CDM          v_b            v_b-v_c     
   0.102123E-04   0.181358E+08   0.181358E+08   0.241684E+08   0.241681E+08   0.181381E+08   0.181358E+08   0.181358E+08   0.181415E+08  -0.465704E+00   0.921343E+07   0.921343E+07   0.507327E+01
   0.112767E-04   0.181358E+08   0.181358E+08   0.241657E+08   0.241653E+08   0.181381E+08   0.181358E+08   0.181358E+08   0.181415E+08  -0.465704E+00   0.921343E+07   0.921343E+07   0.560184E+01
   0.124520E-04   0.181358E+08   0.181358E+08   0.241623E+08   0.241618E+08   0.181381E+08   0.181358E+08   0.181358E+08   0.181415E+08  -0.465703E+00   0.921342E+07   0.921342E+07   0.618544E+01
   0.137497E-04   0.181358E+08   0.181358E+08   0.241581E+08   0.241575E+08   0.181380E+08   0.181358E+08   0.181358E+08   0.181415E+08  -0.465703E+00   0.921342E+07   0.921342E+07   0.682978E+01
   0.151828E-04   0.181358E+08   0.181358E+08   0.241531E+08   0.241524E+08   0.181380E+08   0.181358E+08   0.181358E+08   0.181415E+08  -0.465703E+00   0.921342E+07   0.921342E+07   0.754116E+01
   0.167651E-04   0.181358E+08   0.181358E+08   0.241469E+08   0.241461E+08   0.181380E+08   0.181358E+08   0.181358E+08   0.181415E+08  -0.465703E+00   0.921341E+07   0.921341E+07   0.832654E+01
   0.185124E-04   0.181358E+08   0.181358E+08   0.241395E+08   0.241384E+08   0.181380E+08   0.181358E+08   0.181358E+08   0.181414E+08  -0.465702E+00   0.921340E+07   0.921340E+07   0.919358E+01
   0.204419E-04   0.181358E+08   0.181358E+08   0.241303E+08   0.241290E+08   0.181379E+08   0.181358E+08   0.181358E+08   0.181414E+08  -0.465702E+00   0.921340E+07   0.921340E+07   0.101507E+02
   0.225723E-04   0.181357E+08   0.181357E+08   0.241192E+08   0.241176E+08   0.181379E+08   0.181357E+08   0.181357E+08   0.181414E+08  -0.465701E+00   0.921338E+07   0.921338E+07   0.112072E+02
   0.249249E-04   0.181357E+08   0.181357E+08   0.241056E+08   0.241037E+08   0.181378E+08   0.181357E+08   0.181357E+08   0.181414E+08  -0.465700E+00   0.921337E+07   0.921337E+07   0.123734E+02
   0.275226E-04   0.181357E+08   0.181357E+08   0.240891E+08   0.240867E+08   0.181377E+08   0.181357E+08   0.181357E+08   0.181413E+08  -0.465699E+00   0.921336E+07   0.921336E+07   0.136604E+02
   0.303911E-04   0.181356E+08   0.181356E+08   0.240690E+08   0.240661E+08   0.181376E+08   0.181357E+08   0.181356E+08   0.181413E+08  -0.465698E+00   0.921334E+07   0.921334E+07   0.150807E+02
   0.335585E-04   0.181356E+08   0.181356E+08   0.240444E+08   0.240409E+08   0.181375E+08   0.181356E+08   0.181356E+08   0.181413E+08  -0.465697E+00   0.921332E+07   0.921331E+07   0.166478E+02
   0.370560E-04   0.181355E+08   0.181355E+08   0.240145E+08   0.240103E+08   0.181373E+08   0.181356E+08   0.181355E+08   0.181412E+08  -0.465695E+00   0.921329E+07   0.921329E+07   0.183767E+02
   0.409181E-04   0.181355E+08   0.181355E+08   0.239782E+08   0.239730E+08   0.181371E+08   0.181355E+08   0.181355E+08   0.181411E+08  -0.465693E+00   0.921325E+07   0.921325E+07   0.202836E+02
   0.451826E-04   0.181354E+08   0.181354E+08   0.239338E+08   0.239275E+08   0.181369E+08   0.181354E+08   0.181354E+08   0.181410E+08  -0.465690E+00   0.921321E+07   0.921321E+07   0.223863E+02
   0.498917E-04   0.181353E+08   0.181353E+08   0.238799E+08   0.238723E+08   0.181367E+08   0.181353E+08   0.181353E+08   0.181409E+08  -0.465687E+00   0.921316E+07   0.921316E+07   0.247044E+02
   0.550915E-04   0.181352E+08   0.181352E+08   0.238143E+08   0.238050E+08   0.181363E+08   0.181352E+08   0.181352E+08   0.181408E+08  -0.465683E+00   0.921310E+07   0.921310E+07   0.272587E+02
   0.608332E-04   0.181350E+08   0.181350E+08   0.237346E+08   0.237232E+08   0.181359E+08   0.181350E+08   0.181350E+08   0.181406E+08  -0.465679E+00   0.921302E+07   0.921302E+07   0.300723E+02
   0.671734E-04   0.181349E+08   0.181348E+08   0.236377E+08   0.236239E+08   0.181354E+08   0.181349E+08   0.181349E+08   0.181404E+08  -0.465673E+00   0.921293E+07   0.921293E+07   0.331698E+02
   0.741744E-04   0.181346E+08   0.181346E+08   0.235200E+08   0.235032E+08   0.181348E+08   0.181346E+08   0.181346E+08   0.181402E+08  -0.465666E+00   0.921282E+07   0.921281E+07   0.365773E+02
   0.819050E-04   0.181344E+08   0.181344E+08   0.233772E+08   0.233569E+08   0.181341E+08   0.181344E+08   0.181344E+08   0.181399E+08  -0.465658E+00   0.921269E+07   0.921268E+07   0.403231E+02
   0.904413E-04   0.181341E+08   0.181340E+08   0.232043E+08   0.231796E+08   0.181332E+08   0.181341E+08   0.181341E+08   0.181395E+08  -0.465647E+00   0.921252E+07   0.921251E+07   0.444364E+02
   0.998673E-04   0.181337E+08   0.181336E+08   0.229949E+08   0.229651E+08   0.181321E+08   0.181337E+08   0.181337E+08   0.181391E+08  -0.465635E+00   0.921232E+07   0.921230E+07   0.489479E+02
   0.110276E-03   0.181332E+08   0.181332E+08   0.227421E+08   0.227060E+08   0.181308E+08   0.181332E+08   0.181332E+08   0.181385E+08  -0.465620E+00   0.921207E+07   0.921206E+07   0.538887E+02
   0.121769E-03   0.181326E+08   0.181326E+08   0.224372E+08   0.223937E+08   0.181292E+08   0.181326E+08   0.181326E+08   0.181379E+08  -0.465602E+00   0.921178E+07   0.921175E+07   0.592899E+02
   0.134460E-03   0.181319E+08   0.181318E+08   0.220705E+08   0.220182E+08   0.181273E+08   0.181319E+08   0.181319E+08   0.181371E+08  -0.465579E+00   0.921141E+07   0.921138E+07   0.651810E+02
   0.148473E-03   0.181311E+08   0.181310E+08   0.216309E+08   0.215682E+08   0.181249E+08   0.181310E+08   0.181311E+08   0.181361E+08  -0.465552E+00   0.921097E+07   0.921094E+07   0.715890E+02
   0.163948E-03   0.181300E+08   0.181299E+08   0.211059E+08   0.210308E+08   0.181220E+08   0.181300E+08   0.181300E+08   0.181349E+08  -0.465519E+00   0.921043E+07   0.921039E+07   0.785357E+02
   0.181035E-03   0.181288E+08   0.181286E+08   0.204816E+08   0.203923E+08   0.181184E+08   0.181287E+08   0.181288E+08   0.181335E+08  -0.465479E+00   0.920977E+07   0.920973E+07   0.860353E+02
   0.199902E-03   0.181272E+08   0.181271E+08   0.197435E+08   0.196377E+08   0.181142E+08   0.181272E+08   0.181272E+08   0.181318E+08  -0.465431E+00   0.920898E+07   0.920892E+07   0.940906E+02
   0.220737E-03   0.181254E+08   0.181252E+08   0.188768E+08   0.187524E+08   0.181089E+08   0.181253E+08   0.181254E+08   0.181297E+08  -0.465372E+00   0.920801E+07   0.920794E+07   0.102688E+03
   0.243742E-03   0.181231E+08   0.181229E+08   0.178678E+08   0.177227E+08   0.181026E+08   0.181230E+08   0.181231E+08   0.181272E+08  -0.465302E+00   0.920684E+07   0.920676E+07   0.111793E+03
   0.269146E-03   0.181204E+08   0.181201E+08   0.167054E+08   0.165378E+08   0.180948E+08   0.181203E+08   0.181204E+08   0.181242E+08  -0.465217E+00   0.920542E+07   0.920532E+07   0.121341E+03
   0.297197E-03   0.181171E+08   0.181167E+08   0.153837E+08   0.151924E+08   0.180855E+08   0.181169E+08   0.181170E+08   0.181205E+08  -0.465115E+00   0.920370E+07   0.920358E+07   0.131232E+03
   0.328171E-03   0.181131E+08   0.181126E+08   0.139047E+08   0.136899E+08   0.180741E+08   0.181129E+08   0.181130E+08   0.181161E+08  -0.464993E+00   0.920162E+07   0.920148E+07   0.141320E+03
   0.362374E-03   0.181083E+08   0.181077E+08   0.122829E+08   0.120461E+08   0.180603E+08   0.181080E+08   0.181082E+08   0.181109E+08  -0.464847E+00   0.919911E+07   0.919895E+07   0.151407E+03
   0.400141E-03   0.181025E+08   0.181018E+08   0.105488E+08   0.102941E+08   0.180436E+08   0.181021E+08   0.181024E+08   0.181046E+08  -0.464673E+00   0.919609E+07   0.919590E+07   0.161235E+03
   0.441845E-03   0.180955E+08   0.180947E+08   0.875302E+07   0.848737E+07   0.180234E+08   0.180951E+08   0.180954E+08   0.180971E+08  -0.464467E+00   0.919247E+07   0.919224E+07   0.170484E+03
   0.487895E-03   0.180872E+08   0.180862E+08   0.696766E+07   0.670122E+07   0.179991E+08   0.180867E+08   0.180870E+08   0.180883E+08  -0.464225E+00   0.918813E+07   0.918787E+07   0.178778E+03
   0.538744E-03   0.180772E+08   0.180761E+08   0.528371E+07   0.502986E+07   0.179696E+08   0.180766E+08   0.180770E+08   0.180778E+08  -0.463940E+00   0.918295E+07   0.918265E+07   0.185697E+03
   0.594893E-03   0.180653E+08   0.180640E+08   0.380143E+07   0.357566E+07   0.179344E+08   0.180646E+08   0.180652E+08   0.180655E+08  -0.463607E+00   0.917678E+07   0.917644E+07   0.190814E+03
   0.656894E-03   0.180513E+08   0.180498E+08   0.261184E+07   0.242947E+07   0.178920E+08   0.180504E+08   0.180511E+08   0.180510E+08  -0.463219E+00   0.916948E+07   0.916910E+07   0.193730E+03
   0.725357E-03   0.180347E+08   0.180330E+08   0.177013E+07   0.164268E+07   0.178415E+08   0.180337E+08   0.180344E+08   0.180341E+08  -0.462768E+00   0.916087E+07   0.916045E+07   0.194134E+03
   0.800955E-03   0.180152E+08   0.180132E+08   0.126818E+07   0.119912E+07   0.177812E+08   0.180140E+08   0.180149E+08   0.180143E+08  -0.462245E+00   0.915076E+07   0.915030E+07   0.191857E+03
   0.884433E-03   0.179923E+08   0.179901E+08   0.102112E+07   0.100261E+07   0.177095E+08   0.179909E+08   0.179920E+08   0.179911E+08  -0.461640E+00   0.913892E+07   0.913842E+07   0.186909E+03
   0.976610E-03   0.179655E+08   0.179632E+08   0.887784E+06   0.900935E+06   0.176247E+08   0.179639E+08   0.179652E+08   0.179641E+08  -0.460939E+00   0.912512E+07   0.912460E+07   0.179476E+03
   0.107839E-02   0.179344E+08   0.179319E+08   0.734156E+06   0.754891E+06   0.175248E+08   0.179324E+08   0.179340E+08   0.179326E+08  -0.460126E+00   0.910910E+07   0.910855E+07   0.169883E+03
   0.119079E-02   0.178983E+08   0.178956E+08   0.514652E+06   0.523968E+06   0.174077E+08   0.178960E+08   0.178979E+08   0.178961E+08  -0.459185E+00   0.909052E+07   0.908996E+07   0.158525E+03
   0.131489E-02   0.178564E+08   0.178536E+08   0.300781E+06   0.293389E+06   0.172716E+08   0.178538E+08   0.178560E+08   0.178538E+08  -0.458097E+00   0.906906E+07   0.906848E+07   0.145843E+03
   0.145193E-02   0.178082E+08   0.178053E+08   0.194019E+06   0.177670E+06   0.171148E+08   0.178050E+08   0.178077E+08   0.178051E+08  -0.456843E+00   0.904430E+07   0.904372E+07   0.132357E+03
   0.160326E-02   0.177526E+08   0.177497E+08   0.182751E+06   0.168155E+06   0.169356E+08   0.177490E+08   0.177521E+08   0.177490E+08  -0.455401E+00   0.901582E+07   0.901524E+07   0.118718E+03
   0.177035E-02   0.176888E+08   0.176859E+08   0.146523E+06   0.138994E+06   0.167325E+08   0.176846E+08   0.176883E+08   0.176846E+08  -0.453748E+00   0.898315E+07   0.898259E+07   0.105660E+03
   0.195486E-02   0.176158E+08   0.176129E+08   0.599297E+05   0.595913E+05   0.165045E+08   0.176110E+08   0.176153E+08   0.176110E+08  -0.451858E+00   0.894579E+07   0.894524E+07   0.938061E+02
   0.215860E-02   0.175325E+08   0.175296E+08   0.323959E+05   0.341337E+05   0.162512E+08   0.175271E+08   0.175321E+08   0.175271E+08  -0.449703E+00   0.890321E+07   0.890267E+07   0.835256E+02
   0.238358E-02   0.174379E+08   0.174349E+08   0.433879E+05   0.396478E+05   0.159723E+08   0.174317E+08   0.174374E+08   0.174317E+08  -0.447255E+00   0.885483E+07   0.885429E+07   0.749328E+02
   0.263200E-02   0.173307E+08   0.173276E+08   0.112256E+05   0.553384E+04   0.156680E+08   0.173237E+08   0.173302E+08   0.173237E+08  -0.444483E+00   0.880006E+07   0.879952E+07   0.678339E+02
   0.290631E-02   0.172098E+08   0.172065E+08   0.116663E+05   0.834812E+04   0.153383E+08   0.172020E+08   0.172093E+08   0.172020E+08  -0.441358E+00   0.873829E+07   0.873775E+07   0.617218E+02
   0.320921E-02   0.170739E+08   0.170704E+08   0.107510E+04  -0.198423E+04   0.149826E+08   0.170652E+08   0.170733E+08   0.170652E+08  -0.437848E+00   0.866891E+07   0.866837E+07   0.560683E+02
   0.354368E-02   0.169217E+08   0.169180E+08  -0.232865E+04  -0.186405E+04   0.145998E+08   0.169121E+08   0.169212E+08   0.169121E+08  -0.433920E+00   0.859128E+07   0.859074E+07   0.505783E+02
   0.391301E-02   0.167521E+08   0.167482E+08  -0.985687E+04  -0.815861E+04   0.141893E+08   0.167415E+08   0.167515E+08   0.167415E+08  -0.429543E+00   0.850476E+07   0.850422E+07   0.453565E+02
   0.432084E-02   0.165637E+08   0.165595E+08  -0.306957E+04  -0.185812E+04   0.137503E+08   0.165521E+08   0.165631E+08   0.165521E+08  -0.424683E+00   0.840869E+07   0.840817E+07   0.407134E+02
   0.477116E-02   0.163553E+08   0.163507E+08  -0.404638E+04   0.140752E+05   0.132829E+08   0.163426E+08   0.163546E+08   0.163426E+08  -0.419307E+00   0.830243E+07   0.830191E+07   0.367550E+02
   0.526842E-02   0.161255E+08   0.161204E+08  -0.602182E+04   0.147708E+05   0.127871E+08   0.161117E+08   0.161248E+08   0.161117E+08  -0.413383E+00   0.818533E+07   0.818480E+07   0.332258E+02
   0.581751E-02   0.158735E+08   0.158678E+08  -0.482451E+04   0.138608E+05   0.122380E+08   0.158584E+08   0.158726E+08   0.158584E+08  -0.406884E+00   0.805685E+07   0.805633E+07   0.299020E+02
   0.642382E-02   0.155971E+08   0.155908E+08  -0.401092E+04   0.122304E+05   0.116718E+08   0.155808E+08   0.155962E+08   0.155808E+08  -0.399761E+00   0.791604E+07   0.791552E+07   0.269003E+02
   0.709332E-02   0.152955E+08   0.152884E+08  -0.376316E+04   0.100614E+05   0.110764E+08   0.152780E+08   0.152944E+08   0.152780E+08  -0.391990E+00   0.776240E+07   0.776188E+07   0.243057E+02
   0.783261E-02   0.149672E+08   0.149591E+08  -0.387060E+04   0.803720E+04   0.104608E+08   0.149484E+08   0.149660E+08   0.149484E+08  -0.383534E+00   0.759520E+07   0.759469E+07   0.219359E+02
   0.864894E-02   0.146114E+08   0.146022E+08  -0.301703E+04   0.693919E+04   0.983132E+07   0.145914E+08   0.146101E+08   0.145914E+08  -0.374375E+00   0.741408E+07   0.741356E+07   0.198095E+02
   0.955035E-02   0.142271E+08   0.142165E+08  -0.229481E+04   0.563183E+04   0.918642E+07   0.142059E+08   0.142255E+08   0.142059E+08  -0.364482E+00   0.721844E+07   0.721792E+07   0.179438E+02
   0.105457E-01   0.138129E+08   0.138008E+08  -0.216057E+04   0.435793E+04   0.852736E+07   0.137905E+08   0.138111E+08   0.137905E+08  -0.353826E+00   0.700767E+07   0.700716E+07   0.162557E+02
   0.116448E-01   0.133681E+08   0.133542E+08  -0.182170E+04   0.332630E+04   0.786253E+07   0.133446E+08   0.133660E+08   0.133446E+08  -0.342384E+00   0.678134E+07   0.678082E+07   0.147754E+02
   0.128584E-01   0.128917E+08   0.128757E+08  -0.153639E+04   0.269518E+04   0.719888E+07   0.128672E+08   0.128894E+08   0.128672E+08  -0.330136E+00   0.653903E+07   0.653851E+07   0.134489E+02
   0.141986E-01   0.123834E+08   0.123649E+08  -0.122136E+04   0.208638E+04   0.653956E+07   0.123579E+08   0.123807E+08   0.123579E+08  -0.317068E+00   0.628049E+07   0.627997E+07   0.122739E+02
   0.156784E-01   0.118428E+08   0.118217E+08  -0.117919E+04   0.168526E+04   0.588997E+07   0.118165E+08   0.118397E+08   0.118165E+08  -0.303178E+00   0.600564E+07   0.600511E+07   0.112277E+02
   0.173124E-01   0.112705E+08   0.112463E+08  -0.776270E+03   0.132330E+04   0.525819E+07   0.112435E+08   0.112669E+08   0.112435E+08  -0.288475E+00   0.571467E+07   0.571413E+07   0.102857E+02
   0.191168E-01   0.106676E+08   0.106402E+08  -0.630438E+03   0.106645E+04   0.464860E+07   0.106401E+08   0.106636E+08   0.106401E+08  -0.272995E+00   0.540828E+07   0.540774E+07   0.943021E+01
   0.211091E-01   0.100370E+08   0.100062E+08  -0.413646E+03   0.807938E+03   0.406815E+07   0.100092E+08   0.100325E+08   0.100092E+08  -0.256808E+00   0.508785E+07   0.508730E+07   0.864051E+01
   0.233092E-01   0.938292E+07   0.934871E+07  -0.402493E+03   0.590064E+03   0.352176E+07   0.935503E+07   0.937789E+07   0.935503E+07  -0.240024E+00   0.475556E+07   0.475501E+07   0.789441E+01
   0.257385E-01   0.871191E+07   0.867452E+07  -0.295899E+03   0.449969E+03   0.301500E+07   0.868420E+07   0.870641E+07   0.868420E+07  -0.222812E+00   0.441477E+07   0.441422E+07   0.716869E+01
   0.284210E-01   0.803373E+07   0.799369E+07  -0.213088E+03   0.338266E+03   0.255235E+07   0.800647E+07   0.802784E+07   0.800647E+07  -0.205423E+00   0.407044E+07   0.406989E+07   0.644712E+01
   0.313831E-01   0.736116E+07   0.731934E+07  -0.169680E+03   0.266530E+03   0.213747E+07   0.733464E+07   0.735501E+07   0.733464E+07  -0.188186E+00   0.372907E+07   0.372853E+07   0.571295E+01
   0.346540E-01   0.670923E+07   0.666691E+07  -0.113619E+03   0.194772E+03   0.177279E+07   0.668376E+07   0.670300E+07   0.668376E+07  -0.171486E+00   0.339830E+07   0.339779E+07   0.495733E+01
   0.382657E-01   0.609472E+07   0.605355E+07  -0.974579E+02   0.150622E+03   0.145909E+07   0.607060E+07   0.608867E+07   0.607060E+07  -0.155754E+00   0.308669E+07   0.308621E+07   0.418178E+01
   0.422538E-01   0.553440E+07   0.549626E+07  -0.886508E+02   0.111576E+03   0.119533E+07   0.551187E+07   0.552879E+07   0.551187E+07  -0.141419E+00   0.280271E+07   0.280228E+07   0.340159E+01
   0.464792E-01   0.505800E+07   0.502450E+07  -0.519921E+02   0.813117E+02   0.985570E+06   0.503719E+07   0.505307E+07   0.503719E+07  -0.129240E+00   0.256144E+07   0.256107E+07   0.267565E+01
   0.507045E-01   0.467811E+07   0.464996E+07  -0.491477E+02   0.631280E+02   0.827029E+06   0.465895E+07   0.467397E+07   0.465895E+07  -0.119535E+00   0.236918E+07   0.236886E+07   0.206714E+01
   0.549299E-01   0.436889E+07   0.434605E+07  -0.396497E+02   0.522030E+02   0.704286E+06   0.435124E+07   0.436553E+07   0.435124E+07  -0.111640E+00   0.221276E+07   0.221250E+07   0.158342E+01
   0.591553E-01   0.410683E+07   0.408860E+07  -0.336781E+02   0.396607E+02   0.606418E+06   0.409050E+07   0.410415E+07   0.409050E+07  -0.104950E+00   0.208021E+07   0.207999E+07   0.122272E+01
   0.633807E-01   0.387260E+07   0.385785E+07  -0.229162E+02   0.351070E+02   0.525920E+06   0.385737E+07   0.387043E+07   0.385737E+07  -0.989693E-01   0.196170E+07   0.196152E+07   0.973924E+00
   0.676061E-01   0.365229E+07   0.363970E+07  -0.229802E+02   0.273142E+02   0.457855E+06   0.363798E+07   0.365044E+07   0.363798E+07  -0.933402E-01   0.185016E+07   0.184999E+07   0.818605E+00
   0.718314E-01   0.343783E+07   0.342613E+07  -0.224498E+02   0.236234E+02   0.399159E+06   0.342426E+07   0.343611E+07   0.342426E+07  -0.878567E-01   0.174150E+07   0.174134E+07   0.733869E+00
   0.760568E-01   0.322616E+07   0.321431E+07  -0.165937E+02   0.197739E+02   0.347998E+06   0.321319E+07   0.322442E+07   0.321319E+07  -0.824413E-01   0.163418E+07   0.163402E+07   0.695697E+00
   0.802822E-01   0.301891E+07   0.300626E+07  -0.152741E+02   0.159581E+02   0.303389E+06   0.300646E+07   0.301705E+07   0.300646E+07  -0.771372E-01   0.152907E+07   0.152890E+07   0.681885E+00
   0.845076E-01   0.282032E+07   0.280661E+07  -0.191338E+02   0.143523E+02   0.264755E+06   0.280834E+07   0.281830E+07   0.280834E+07  -0.720540E-01   0.142833E+07   0.142816E+07   0.674320E+00
   0.887330E-01   0.263562E+07   0.262097E+07  -0.854313E+01   0.112347E+02   0.231678E+06   0.262409E+07   0.263347E+07   0.262409E+07  -0.673267E-01   0.133464E+07   0.133446E+07   0.660309E+00
   0.939730E-01   0.243270E+07   0.241747E+07  -0.108143E+02   0.950379E+01   0.197726E+06   0.242175E+07   0.243046E+07   0.242175E+07  -0.621352E-01   0.123174E+07   0.123156E+07   0.623977E+00
   0.992131E-01   0.226331E+07   0.224839E+07  -0.726898E+01   0.824663E+01   0.170650E+06   0.225296E+07   0.226112E+07   0.225296E+07  -0.578044E-01   0.114590E+07   0.114574E+07   0.564951E+00
   0.104453E+00   0.212718E+07   0.211344E+07  -0.299858E+01   0.706694E+01   0.149230E+06   0.211745E+07   0.212516E+07   0.211745E+07  -0.543276E-01   0.107699E+07   0.107684E+07   0.489726E+00
   0.109693E+00   0.201901E+07   0.200704E+07  -0.679620E+01   0.591121E+01   0.132155E+06   0.200989E+07   0.201725E+07   0.200989E+07  -0.515681E-01   0.102230E+07   0.102216E+07   0.409270E+00
   0.114933E+00   0.193024E+07   0.192021E+07  -0.653303E+01   0.494381E+01   0.118181E+06   0.192169E+07   0.192876E+07   0.192169E+07  -0.493052E-01   0.977441E+06   0.977326E+06   0.334856E+00
   0.120173E+00   0.185145E+07   0.184317E+07  -0.394347E+01   0.429198E+01   0.106279E+06   0.184343E+07   0.185023E+07   0.184343E+07  -0.472971E-01   0.937637E+06   0.937538E+06   0.274906E+00
   0.125413E+00   0.177475E+07   0.176771E+07  -0.343824E+01   0.389685E+01   0.957186E+05   0.176716E+07   0.177371E+07   0.176716E+07  -0.453404E-01   0.898853E+06   0.898765E+06   0.233403E+00
   0.130654E+00   0.169527E+07   0.168885E+07  -0.190303E+01   0.357301E+01   0.860747E+05   0.168805E+07   0.169433E+07   0.168805E+07  -0.433106E-01   0.858618E+06   0.858536E+06   0.209766E+00
   0.135894E+00   0.161173E+07   0.160536E+07  -0.168798E+01   0.317618E+01   0.771792E+05   0.160481E+07   0.161079E+07   0.160481E+07  -0.411748E-01   0.816282E+06   0.816201E+06   0.199924E+00
   0.141134E+00   0.152593E+07   0.151922E+07  -0.238028E+01   0.270727E+01   0.690336E+05   0.151926E+07   0.152494E+07   0.151926E+07  -0.389798E-01   0.772773E+06   0.772689E+06   0.198005E+00
   0.146374E+00   0.144158E+07   0.143440E+07  -0.230004E+01   0.227451E+01   0.617156E+05   0.143514E+07   0.144053E+07   0.143514E+07  -0.368217E-01   0.729993E+06   0.729906E+06   0.198087E+00
   0.151614E+00   0.136287E+07   0.135531E+07  -0.316650E+01   0.197372E+01   0.552988E+05   0.135666E+07   0.136176E+07   0.135666E+07  -0.348080E-01   0.690075E+06   0.689986E+06   0.195594E+00
   0.156854E+00   0.129311E+07   0.128542E+07  -0.206973E+01   0.180421E+01   0.498025E+05   0.128713E+07   0.129198E+07   0.128713E+07  -0.330241E-01   0.654713E+06   0.654625E+06   0.188044E+00
   0.162094E+00   0.123391E+07   0.122642E+07  -0.300705E+00   0.168515E+01   0.451721E+05   0.122817E+07   0.123281E+07   0.122817E+07  -0.315114E-01   0.624726E+06   0.624641E+06   0.175142E+00
   0.167334E+00   0.118492E+07   0.117792E+07  -0.107003E+01   0.153857E+01   0.412890E+05   0.117943E+07   0.118389E+07   0.117943E+07  -0.302607E-01   0.599932E+06   0.599853E+06   0.158316E+00
   0.172574E+00   0.114412E+07   0.113780E+07  -0.128548E+01   0.135323E+01   0.379953E+05   0.113888E+07   0.114319E+07   0.113888E+07  -0.292204E-01   0.579308E+06   0.579235E+06   0.139952E+00
   0.177814E+00   0.110857E+07   0.110297E+07  -0.722414E+00   0.117768E+01   0.351278E+05   0.110356E+07   0.110775E+07   0.110356E+07  -0.283142E-01   0.561344E+06   0.561279E+06   0.122562E+00
   0.183054E+00   0.107519E+07   0.107023E+07  -0.131024E+01   0.106158E+01   0.325451E+05   0.107040E+07   0.107446E+07   0.107040E+07  -0.274634E-01   0.544476E+06   0.544417E+06   0.108106E+00
   0.188294E+00   0.104155E+07   0.103704E+07  -0.119136E+01   0.100581E+01   0.301469E+05   0.103694E+07   0.104088E+07   0.103694E+07  -0.266049E-01   0.527458E+06   0.527403E+06   0.976033E-01
   0.193534E+00   0.100627E+07   0.100201E+07  -0.492987E+00   0.965447E+00   0.278787E+05   0.100183E+07   0.100565E+07   0.100183E+07  -0.257041E-01   0.509601E+06   0.509548E+06   0.910589E-01
   0.198775E+00   0.969232E+06   0.965005E+06  -0.468245E+00   0.895244E+00   0.257266E+05   0.964930E+06   0.968610E+06   0.964930E+06  -0.247574E-01   0.490832E+06   0.490780E+06   0.876550E-01
   0.204015E+00   0.931278E+06   0.926961E+06  -0.542858E+00   0.790121E+00   0.237040E+05   0.927103E+06   0.930643E+06   0.927103E+06  -0.237868E-01   0.471592E+06   0.471539E+06   0.861072E-01
   0.209255E+00   0.893857E+06   0.889404E+06  -0.716259E+00   0.683957E+00   0.218363E+05   0.889801E+06   0.893202E+06   0.889801E+06  -0.228298E-01   0.452619E+06   0.452565E+06   0.850611E-01
   0.214495E+00   0.858503E+06   0.853948E+06  -0.678521E+00   0.613181E+00   0.201460E+05   0.854564E+06   0.857833E+06   0.854564E+06  -0.219257E-01   0.434696E+06   0.434642E+06   0.834261E-01
   0.219735E+00   0.826407E+06   0.821840E+06  -0.385959E+00   0.583013E+00   0.186438E+05   0.822585E+06   0.825735E+06   0.822585E+06  -0.211052E-01   0.418430E+06   0.418377E+06   0.805757E-01
   0.224975E+00   0.798142E+06   0.793677E+06  -0.530464E+00   0.566724E+00   0.173245E+05   0.794440E+06   0.797485E+06   0.794440E+06  -0.203831E-01   0.404114E+06   0.404063E+06   0.763969E-01
   0.230215E+00   0.773589E+06   0.769330E+06  -0.475714E+00   0.534119E+00   0.161683E+05   0.770009E+06   0.772962E+06   0.770009E+06  -0.197562E-01   0.391687E+06   0.391638E+06   0.712035E-01
   0.235455E+00   0.752058E+06   0.748071E+06  -0.152849E+00   0.479327E+00   0.151460E+05   0.748598E+06   0.751472E+06   0.748598E+06  -0.192069E-01   0.380796E+06   0.380750E+06   0.655663E-01
   0.240695E+00   0.732525E+06   0.728829E+06  -0.343372E+00   0.422394E+00   0.142253E+05   0.729180E+06   0.731981E+06   0.729180E+06  -0.187087E-01   0.370919E+06   0.370876E+06   0.601152E-01
   0.245935E+00   0.713920E+06   0.710486E+06  -0.435908E+00   0.386504E+00   0.133773E+05   0.710682E+06   0.713414E+06   0.710682E+06  -0.182341E-01   0.361510E+06   0.361469E+06   0.553682E-01
   0.251175E+00   0.695380E+06   0.692147E+06  -0.217132E+00   0.375139E+00   0.125803E+05   0.692242E+06   0.694905E+06   0.692242E+06  -0.177609E-01   0.352130E+06   0.352091E+06   0.516230E-01
   0.256415E+00   0.676416E+06   0.673307E+06  -0.288395E+00   0.370523E+00   0.118221E+05   0.673366E+06   0.675958E+06   0.673366E+06  -0.172767E-01   0.342529E+06   0.342491E+06   0.489239E-01
   0.261655E+00   0.656949E+06   0.653895E+06  -0.363325E+00   0.352298E+00   0.110988E+05   0.653981E+06   0.656500E+06   0.653981E+06  -0.167793E-01   0.332668E+06   0.332631E+06   0.470973E-01
   0.266895E+00   0.637258E+06   0.634210E+06  -0.252129E+00   0.316702E+00   0.104127E+05   0.634365E+06   0.636810E+06   0.634365E+06  -0.162760E-01   0.322691E+06   0.322654E+06   0.458334E-01
   0.272136E+00   0.617833E+06   0.614770E+06  -0.197367E+00   0.278216E+00   0.976924E+04   0.615011E+06   0.617383E+06   0.615011E+06  -0.157794E-01   0.312846E+06   0.312810E+06   0.447844E-01
   0.277376E+00   0.599212E+06   0.596141E+06  -0.178003E+00   0.253961E+00   0.917370E+04   0.596459E+06   0.598760E+06   0.596459E+06  -0.153034E-01   0.303409E+06   0.303373E+06   0.436533E-01
   0.282616E+00   0.581827E+06   0.578776E+06  -0.209904E+00   0.247352E+00   0.862898E+04   0.579143E+06   0.581378E+06   0.579143E+06  -0.148592E-01   0.294602E+06   0.294566E+06   0.422527E-01
   0.287856E+00   0.565909E+06   0.562916E+06  -0.220287E+00   0.246390E+00   0.813458E+04   0.563294E+06   0.565469E+06   0.563294E+06  -0.144525E-01   0.286539E+06   0.286504E+06   0.405259E-01
   0.293096E+00   0.551451E+06   0.548552E+06  -0.165139E+00   0.236520E+00   0.768658E+04   0.548904E+06   0.551024E+06   0.548904E+06  -0.140833E-01   0.279220E+06   0.279186E+06   0.385329E-01
   0.298336E+00   0.538241E+06   0.535460E+06  -0.198492E+00   0.214473E+00   0.727858E+04   0.535761E+06   0.537832E+06   0.535761E+06  -0.137461E-01   0.272534E+06   0.272502E+06   0.364108E-01
   0.303576E+00   0.525939E+06   0.523285E+06  -0.183673E+00   0.190056E+00   0.690319E+04   0.523524E+06   0.525548E+06   0.523524E+06  -0.134321E-01   0.266310E+06   0.266278E+06   0.343245E-01
   0.308816E+00   0.514173E+06   0.511638E+06  -0.772922E-01   0.175397E+00   0.655326E+04   0.511820E+06   0.513800E+06   0.511820E+06  -0.131318E-01   0.260356E+06   0.260326E+06   0.324194E-01
   0.314056E+00   0.502626E+06   0.500191E+06  -0.116209E+00   0.173029E+00   0.622318E+04   0.500331E+06   0.502268E+06   0.500331E+06  -0.128371E-01   0.254512E+06   0.254483E+06   0.307891E-01
   0.319296E+00   0.491099E+06   0.488738E+06  -0.187604E+00   0.174266E+00   0.590922E+04   0.488859E+06   0.490751E+06   0.488859E+06  -0.125427E-01   0.248677E+06   0.248648E+06   0.294617E-01
   0.324536E+00   0.479531E+06   0.477220E+06  -0.148146E+00   0.168390E+00   0.560978E+04   0.477343E+06   0.479191E+06   0.477343E+06  -0.122473E-01   0.242819E+06   0.242791E+06   0.284041E-01
   0.329776E+00   0.467990E+06   0.465709E+06  -0.130873E+00   0.152945E+00   0.532473E+04   0.465850E+06   0.467655E+06   0.465850E+06  -0.119524E-01   0.236973E+06   0.236945E+06   0.275411E-01
   0.335016E+00   0.456624E+06   0.454362E+06  -0.129545E+00   0.135300E+00   0.505496E+04   0.454530E+06   0.456291E+06   0.454530E+06  -0.116619E-01   0.231214E+06   0.231188E+06   0.267798E-01
   0.340256E+00   0.445611E+06   0.443368E+06  -0.906443E-01   0.124763E+00   0.480144E+04   0.443562E+06   0.445281E+06   0.443562E+06  -0.113805E-01   0.225635E+06   0.225609E+06   0.260347E-01
   0.345497E+00   0.435106E+06   0.432889E+06  -0.736523E-01   0.123536E+00   0.456485E+04   0.433101E+06   0.434780E+06   0.433101E+06  -0.111121E-01   0.220314E+06   0.220288E+06   0.252456E-01
   0.350737E+00   0.425202E+06   0.423023E+06  -0.914808E-01   0.125249E+00   0.434505E+04   0.423240E+06   0.424882E+06   0.423240E+06  -0.108591E-01   0.215298E+06   0.215273E+06   0.243861E-01
   0.355977E+00   0.415916E+06   0.413786E+06  -0.118971E+00   0.121769E+00   0.414117E+04   0.413996E+06   0.415602E+06   0.413996E+06  -0.106220E-01   0.210596E+06   0.210571E+06   0.234627E-01
   0.361217E+00   0.407189E+06   0.405119E+06  -0.113393E+00   0.111064E+00   0.395166E+04   0.405312E+06   0.406885E+06   0.405312E+06  -0.103992E-01   0.206178E+06   0.206154E+06   0.225066E-01
   0.366457E+00   0.398916E+06   0.396908E+06  -0.751854E-01   0.985912E-01   0.377460E+04   0.397080E+06   0.398621E+06   0.397080E+06  -0.101879E-01   0.201991E+06   0.201967E+06   0.215603E-01
   0.371697E+00   0.390969E+06   0.389022E+06  -0.710979E-01   0.914202E-01   0.360807E+04   0.389172E+06   0.390683E+06   0.389172E+06  -0.998505E-02   0.197968E+06   0.197945E+06   0.206652E-01
   0.376937E+00   0.383232E+06   0.381340E+06  -0.789941E-01   0.912886E-01   0.345040E+04   0.381472E+06   0.382953E+06   0.381472E+06  -0.978749E-02   0.194052E+06   0.194029E+06   0.198513E-01
   0.382177E+00   0.375620E+06   0.373775E+06  -0.642627E-01   0.933267E-01   0.330036E+04   0.373896E+06   0.375349E+06   0.373896E+06  -0.959312E-02   0.190198E+06   0.190176E+06   0.191319E-01
   0.387417E+00   0.368096E+06   0.366288E+06  -0.744207E-01   0.912220E-01   0.315721E+04   0.366407E+06   0.367830E+06   0.366407E+06  -0.940096E-02   0.186388E+06   0.186367E+06   0.185028E-01
   0.392657E+00   0.360666E+06   0.358887E+06  -0.896004E-01   0.833479E-01   0.302065E+04   0.359009E+06   0.360404E+06   0.359009E+06  -0.921115E-02   0.182625E+06   0.182604E+06   0.179466E-01
   0.397897E+00   0.353366E+06   0.351613E+06  -0.676215E-01   0.739387E-01   0.289063E+04   0.351741E+06   0.353108E+06   0.351741E+06  -0.902468E-02   0.178928E+06   0.178907E+06   0.174387E-01
   0.403137E+00   0.346252E+06   0.344522E+06  -0.488566E-01   0.685814E-01   0.276727E+04   0.344658E+06   0.345997E+06   0.344658E+06  -0.884293E-02   0.175325E+06   0.175304E+06   0.169540E-01
   0.408377E+00   0.339375E+06   0.337669E+06  -0.523509E-01   0.687471E-01   0.265060E+04   0.337810E+06   0.339124E+06   0.337810E+06  -0.866725E-02   0.171842E+06   0.171822E+06   0.164728E-01
   0.413617E+00   0.332770E+06   0.331092E+06  -0.557443E-01   0.706790E-01   0.254057E+04   0.331236E+06   0.332524E+06   0.331236E+06  -0.849856E-02   0.168497E+06   0.168477E+06   0.159840E-01
   0.418858E+00   0.326451E+06   0.324804E+06  -0.549577E-01   0.693893E-01   0.243688E+04   0.324945E+06   0.326209E+06   0.324945E+06  -0.833717E-02   0.165297E+06   0.165278E+06   0.154854E-01
   0.424098E+00   0.320405E+06   0.318791E+06  -0.544931E-01   0.635318E-01   0.233914E+04   0.318927E+06   0.320168E+06   0.318927E+06  -0.818277E-02   0.162236E+06   0.162217E+06   0.149828E-01
   0.429338E+00   0.314600E+06   0.313021E+06  -0.556081E-01   0.564133E-01   0.224678E+04   0.313150E+06   0.314368E+06   0.313150E+06  -0.803453E-02   0.159297E+06   0.159278E+06   0.144866E-01
   0.434578E+00   0.308994E+06   0.307450E+06  -0.499357E-01   0.524728E-01   0.215923E+04   0.307570E+06   0.308767E+06   0.307570E+06  -0.789137E-02   0.156459E+06   0.156441E+06   0.140081E-01
   0.439818E+00   0.303544E+06   0.302034E+06  -0.388750E-01   0.529169E-01   0.207597E+04   0.302146E+06   0.303322E+06   0.302146E+06  -0.775222E-02   0.153700E+06   0.153682E+06   0.135566E-01
   0.445058E+00   0.298217E+06   0.296738E+06  -0.409178E-01   0.547645E-01   0.199655E+04   0.296844E+06   0.298000E+06   0.296844E+06  -0.761618E-02   0.151003E+06   0.150985E+06   0.131375E-01
   0.450298E+00   0.292992E+06   0.291540E+06  -0.466115E-01   0.539998E-01   0.192064E+04   0.291643E+06   0.292778E+06   0.291643E+06  -0.748274E-02   0.148357E+06   0.148340E+06   0.127512E-01
   0.455538E+00   0.287862E+06   0.286434E+06  -0.402840E-01   0.495069E-01   0.184804E+04   0.286537E+06   0.287652E+06   0.286537E+06  -0.735172E-02   0.145760E+06   0.145743E+06   0.123943E-01
   0.460778E+00   0.282834E+06   0.281428E+06  -0.370309E-01   0.439357E-01   0.177864E+04   0.281531E+06   0.282627E+06   0.281531E+06  -0.722327E-02   0.143213E+06   0.143196E+06   0.120604E-01
   0.466018E+00   0.277920E+06   0.276534E+06  -0.393230E-01   0.408919E-01   0.171236E+04   0.276638E+06   0.277716E+06   0.276638E+06  -0.709776E-02   0.140724E+06   0.140708E+06   0.117423E-01
   0.471258E+00   0.273135E+06   0.271770E+06  -0.350649E-01   0.413947E-01   0.164916E+04   0.271876E+06   0.272935E+06   0.271876E+06  -0.697556E-02   0.138302E+06   0.138286E+06   0.114337E-01
   0.476498E+00   0.268493E+06   0.267149E+06  -0.310175E-01   0.430538E-01   0.158896E+04   0.267255E+06   0.268296E+06   0.267255E+06  -0.685699E-02   0.135951E+06   0.135935E+06   0.111299E-01
   0.481738E+00   0.263999E+06   0.262676E+06  -0.326103E-01   0.425973E-01   0.153167E+04   0.262781E+06   0.263804E+06   0.262781E+06  -0.674220E-02   0.133675E+06   0.133660E+06   0.108292E-01
   0.486979E+00   0.259650E+06   0.258349E+06  -0.335622E-01   0.390912E-01   0.147712E+04   0.258452E+06   0.259458E+06   0.258452E+06  -0.663113E-02   0.131473E+06   0.131458E+06   0.105318E-01
   0.492219E+00   0.255437E+06   0.254159E+06  -0.314908E-01   0.346847E-01   0.142515E+04   0.254259E+06   0.255249E+06   0.254259E+06  -0.652355E-02   0.129340E+06   0.129325E+06   0.102399E-01
   0.497459E+00   0.251348E+06   0.250092E+06  -0.291156E-01   0.323323E-01   0.137556E+04   0.250188E+06   0.251163E+06   0.250188E+06  -0.641911E-02   0.127269E+06   0.127255E+06   0.995630E-02
   0.502699E+00   0.247366E+06   0.246132E+06  -0.291560E-01   0.328848E-01   0.132817E+04   0.246225E+06   0.247184E+06   0.246225E+06  -0.631742E-02   0.125253E+06   0.125239E+06   0.968366E-02
   0.507939E+00   0.243478E+06   0.242265E+06  -0.283016E-01   0.343874E-01   0.128280E+04   0.242355E+06   0.243300E+06   0.242355E+06  -0.621814E-02   0.123285E+06   0.123271E+06   0.942384E-02
   0.513179E+00   0.239674E+06   0.238481E+06  -0.244412E-01   0.341384E-01   0.123931E+04   0.238569E+06   0.239499E+06   0.238569E+06  -0.612100E-02   0.121359E+06   0.121345E+06   0.917745E-02
   0.518419E+00   0.235949E+06   0.234774E+06  -0.238168E-01   0.313531E-01   0.119760E+04   0.234860E+06   0.235776E+06   0.234860E+06  -0.602585E-02   0.119472E+06   0.119459E+06   0.894392E-02
   0.523659E+00   0.232300E+06   0.231143E+06  -0.255490E-01   0.278031E-01   0.115758E+04   0.231228E+06   0.232130E+06   0.231228E+06  -0.593266E-02   0.117625E+06   0.117611E+06   0.872171E-02
   0.528899E+00   0.228730E+06   0.227590E+06  -0.237667E-01   0.259410E-01   0.111919E+04   0.227674E+06   0.228562E+06   0.227674E+06  -0.584147E-02   0.115817E+06   0.115803E+06   0.850881E-02
   0.534139E+00   0.225241E+06   0.224117E+06  -0.222745E-01   0.264828E-01   0.108238E+04   0.224202E+06   0.225076E+06   0.224202E+06  -0.575237E-02   0.114050E+06   0.114037E+06   0.830319E-02
   0.539379E+00   0.221837E+06   0.220730E+06  -0.229224E-01   0.278127E-01   0.104710E+04   0.220813E+06   0.221674E+06   0.220813E+06  -0.566544E-02   0.112327E+06   0.112314E+06   0.810318E-02
   0.544619E+00   0.218520E+06   0.217428E+06  -0.215605E-01   0.276822E-01   0.101329E+04   0.217511E+06   0.218360E+06   0.217511E+06  -0.558072E-02   0.110647E+06   0.110634E+06   0.790776E-02
   0.549859E+00   0.215289E+06   0.214213E+06  -0.196606E-01   0.254324E-01   0.980887E+03   0.214295E+06   0.215131E+06   0.214295E+06  -0.549819E-02   0.109011E+06   0.108998E+06   0.771656E-02
   0.555099E+00   0.212141E+06   0.211081E+06  -0.196891E-01   0.225418E-01   0.949822E+03   0.211161E+06   0.211985E+06   0.211161E+06  -0.541779E-02   0.107417E+06   0.107404E+06   0.752977E-02
   0.560340E+00   0.209071E+06   0.208027E+06  -0.199695E-01   0.210624E-01   0.920023E+03   0.208105E+06   0.208917E+06   0.208105E+06  -0.533939E-02   0.105863E+06   0.105850E+06   0.734794E-02
   0.565580E+00   0.206074E+06   0.205046E+06  -0.192332E-01   0.215921E-01   0.891409E+03   0.205123E+06   0.205923E+06   0.205123E+06  -0.526286E-02   0.104345E+06   0.104333E+06   0.717171E-02
   0.570820E+00   0.203145E+06   0.202132E+06  -0.178355E-01   0.227733E-01   0.863918E+03   0.202207E+06   0.202996E+06   0.202207E+06  -0.518806E-02   0.102862E+06   0.102850E+06   0.700161E-02
   0.576060E+00   0.200278E+06   0.199280E+06  -0.170413E-01   0.227169E-01   0.837479E+03   0.199354E+06   0.200132E+06   0.199354E+06  -0.511485E-02   0.101411E+06   0.101399E+06   0.683789E-02
   0.581300E+00   0.197471E+06   0.196487E+06  -0.167147E-01   0.208716E-01   0.812041E+03   0.196560E+06   0.197326E+06   0.196560E+06  -0.504316E-02   0.999892E+05   0.999776E+05   0.668048E-02
   0.586540E+00   0.194721E+06   0.193751E+06  -0.157252E-01   0.184889E-01   0.787553E+03   0.193822E+06   0.194578E+06   0.193822E+06  -0.497292E-02   0.985967E+05   0.985853E+05   0.652902E-02
   0.591780E+00   0.192028E+06   0.191070E+06  -0.154846E-01   0.173016E-01   0.763979E+03   0.191141E+06   0.191887E+06   0.191141E+06  -0.490413E-02   0.972327E+05   0.972214E+05   0.638294E-02
   0.597020E+00   0.189390E+06   0.188445E+06  -0.161563E-01   0.178072E-01   0.741283E+03   0.188515E+06   0.189251E+06   0.188515E+06  -0.483676E-02   0.958971E+05   0.958860E+05   0.624161E-02
   0.602260E+00   0.186808E+06   0.185877E+06  -0.154305E-01   0.188491E-01   0.719431E+03   0.185946E+06   0.186671E+06   0.185946E+06  -0.477083E-02   0.945900E+05   0.945790E+05   0.610443E-02
   0.607500E+00   0.184283E+06   0.183364E+06  -0.141833E-01   0.188284E-01   0.698393E+03   0.183432E+06   0.184148E+06   0.183432E+06  -0.470634E-02   0.933113E+05   0.933004E+05   0.597094E-02
   0.612740E+00   0.181814E+06   0.180906E+06  -0.139624E-01   0.172887E-01   0.678134E+03   0.180974E+06   0.181680E+06   0.180974E+06  -0.464327E-02   0.920608E+05   0.920500E+05   0.584085E-02
   0.663949E+00   0.160234E+06   0.159436E+06  -0.106427E-01   0.137669E-01   0.514635E+03   0.159494E+06   0.160117E+06   0.159494E+06  -0.409216E-02   0.811342E+05   0.811248E+05   0.474683E-02
   0.719438E+00   0.141087E+06   0.140384E+06  -0.777118E-02   0.851110E-02   0.389822E+03   0.140435E+06   0.140984E+06   0.140435E+06  -0.360317E-02   0.714392E+05   0.714309E+05   0.385586E-02
   0.779565E+00   0.124125E+06   0.123506E+06  -0.591064E-02   0.716479E-02   0.294768E+03   0.123551E+06   0.124034E+06   0.123551E+06  -0.316996E-02   0.628501E+05   0.628428E+05   0.312975E-02
   0.844716E+00   0.109114E+06   0.108570E+06  -0.440108E-02   0.546356E-02   0.222526E+03   0.108609E+06   0.109034E+06   0.108609E+06  -0.278660E-02   0.552494E+05   0.552430E+05   0.253824E-02
   0.915312E+00   0.958459E+05   0.953682E+05  -0.331974E-02   0.426100E-02   0.167731E+03   0.954024E+05   0.957756E+05   0.954024E+05  -0.244776E-02   0.485312E+05   0.485255E+05   0.205689E-02
   0.991809E+00   0.841295E+05   0.837103E+05  -0.248053E-02   0.320785E-02   0.126243E+03   0.837402E+05   0.840678E+05   0.837402E+05  -0.214854E-02   0.425986E+05   0.425937E+05   0.166555E-02
   0.107470E+01   0.737918E+05   0.734242E+05  -0.184410E-02   0.207201E-02   0.948842E+02   0.734503E+05   0.737377E+05   0.734503E+05  -0.188453E-02   0.373642E+05   0.373598E+05   0.134764E-02
   0.116452E+01   0.646810E+05   0.643588E+05  -0.138140E-02   0.152463E-02   0.712228E+02   0.643816E+05   0.646336E+05   0.643816E+05  -0.165185E-02   0.327509E+05   0.327471E+05   0.108962E-02
   0.126184E+01   0.566577E+05   0.563755E+05  -0.102768E-02   0.139369E-02   0.533957E+02   0.563954E+05   0.566162E+05   0.563954E+05  -0.144695E-02   0.286884E+05   0.286850E+05   0.880382E-03
   0.136730E+01   0.495979E+05   0.493509E+05  -0.766485E-03   0.772475E-03   0.399842E+02   0.493683E+05   0.495616E+05   0.493683E+05  -0.126665E-02   0.251137E+05   0.251108E+05   0.710818E-03
   0.148157E+01   0.433914E+05   0.431753E+05  -0.571573E-03   0.584152E-03   0.299085E+02   0.431905E+05   0.433596E+05   0.431905E+05  -0.110814E-02   0.219710E+05   0.219685E+05   0.573517E-03
   0.160539E+01   0.379392E+05   0.377503E+05  -0.425732E-03   0.442070E-03   0.223490E+02   0.377636E+05   0.379115E+05   0.377636E+05  -0.968906E-03   0.192104E+05   0.192081E+05   0.462421E-03
   0.173955E+01   0.331532E+05   0.329881E+05  -0.316795E-03   0.402934E-03   0.166840E+02   0.329997E+05   0.331289E+05   0.329997E+05  -0.846678E-03   0.167870E+05   0.167850E+05   0.372589E-03
   0.188494E+01   0.289551E+05   0.288110E+05  -0.235575E-03   0.214095E-03   0.124436E+02   0.288210E+05   0.289339E+05   0.288210E+05  -0.739465E-03   0.146613E+05   0.146596E+05   0.300004E-03
   0.204247E+01   0.252753E+05   0.251495E+05  -0.175155E-03   0.257853E-03   0.927309E+01   0.251582E+05   0.252568E+05   0.251582E+05  -0.645488E-03   0.127980E+05   0.127965E+05   0.241393E-03
   0.240238E+01   0.191718E+05   0.190764E+05  -0.789059E-05   0.107974E-03   0.510412E+01   0.190830E+05   0.191578E+05   0.190830E+05  -0.489616E-03   0.970755E+04   0.970643E+04   0.155200E-03
   0.299813E+01   0.131062E+05   0.130410E+05  -0.345538E-05   0.474579E-04   0.224907E+01   0.130455E+05   0.130966E+05   0.130455E+05  -0.334711E-03   0.663628E+04   0.663552E+04   0.845075E-04
   0.374161E+01   0.893017E+04   0.888578E+04  -0.151333E-05   0.157483E-04   0.986522E+00   0.888882E+04   0.892364E+04   0.888882E+04  -0.228062E-03   0.452175E+04   0.452124E+04   0.457122E-04
   0.466945E+01   0.606645E+04   0.603631E+04  -0.660056E-06   0.617691E-05   0.431043E+00   0.603835E+04   0.606201E+04   0.603835E+04  -0.154927E-03   0.307172E+04   0.307138E+04   0.245232E-04
   0.582739E+01   0.410974E+04   0.408935E+04  -0.286664E-06   0.536070E-05   0.187709E+00   0.409071E+04   0.410674E+04   0.409071E+04  -0.104956E-03   0.208095E+04   0.208072E+04   0.130093E-04
   0.727248E+01   0.277713E+04   0.276338E+04  -0.124173E-06   0.191712E-05   0.815034E-01   0.276428E+04   0.277511E+04   0.276428E+04  -0.709235E-04   0.140619E+04   0.140604E+04   0.678924E-05
